vertex  0     10 12
vertex  2     6 10 12 16
vertex  4     16 18 20
vertex  6     16 18 20
vertex  8     6 8 10 12 14 16 18 20
vertex  10    6 8 10 12 14 16 18 20
vertex  15    14 18 20
vertex  17    12 18 20
vertex  18    4 8 10 14

sector  22 37   0 1 4 3                         -1 -1 -1 1
sector  22 37   2 3 4 5 6 9 17 16 15 14 13 12   -1 -1 0 -1 -1 -1 -1 -1 3 -1 2 -1
sector  10 30   13 14 22 21                     -1 1 -1 11
sector  10 30   15 16 24 23                     -1 1 -1 4
sector  10 18   23 24 28 31                     -1 3 -1 5
sector  10 20   28 29 32 31                     4 -1 6 -1
sector  12 22   29 30 33 32                     5 7 -1 -1
sector  14 24   26 27 30 29                     -1 8 -1 6
sector  16 26   18 19 27 26                     -1 9 -1 7
sector  18 28   10 11 19 18                     -1 10 -1 8
sector  20 30   6 8 11 10 9                     1 -1 -1 9 -1
sector  10 18   21 22 36 35                     -1 2 -1 -1

player  11 1  0  0