vertex  0     9 11
vertex  2     5 9 11 15
vertex  4     5 7 15
vertex  6     5 7 15
vertex  8     5 13 15
vertex  10    5 13 15
vertex  14    5 9 11 15
vertex  16    5 9 11 15
vertex  20    5 7 15
vertex  22    5 7 15
vertex  25    5 9 10 15
vertex  26    5 9 10 15
vertex  31    5 15
vertex  33    5 15

sector  10 30   0 1 4 3                -1 -1 -1 1
sector  10 30   2 3 4 5 8 7 6          -1 -1 0 -1 -1 3 2
sector  5  30   6 7 10 9               -1 1 3 4
sector  0  30   7 8 11 10              2 1 -1 4
sector  0  30   9 10 11 14 13 12       -1 2 3 -1 6 5 -1
sector  0  30   12 13 16 15            -1 4 6 7
sector  10 30   13 14 17 16            5 4 -1 7
sector  0  30   15 16 17 21 20 19 18   -1 5 6 -1 10 9 8
sector  0  30   18 19 23 22            -1 7 9 11
sector  10 30   19 20 24 23            8 7 10 11
sector  0  30   20 21 25 24            9 7 -1 11
sector  0  30   22 23 24 25 28 27 26   -1 8 9 10 -1 13 12
sector  10 30   26 27 30 29            -1 11 13 14
sector  0  30   27 28 31 30            12 11 -1 14
sector  0  30   29 30 31 35 34 33 32   -1 12 13 -1 17 16 15
sector  0  30   32 33 37 36            -1 14 16 18
sector  12 30   33 34 38 37            15 14 17 18
sector  0  30   34 35 39 38            16 14 -1 18
sector  0  30   36 37 38 39 41 40      -1 15 16 17 -1 19
sector  10 30   40 41 43 42            -1 18 -1 -1

player  10  1  0  0